1.00e-09   6.60
1.00e-08   9.00
2.53e-08   10.6
1.00e-07   12.9
2.00e-07   13.5
5.00e-07   13.6
1.00e-06   13.3
2.00e-06   12.9
5.00e-06   12.0
1.00e-05   11.3
2.00e-05   10.6
5.00e-05   9.90
1.00e-04   9.40
2.00e-04   8.90
5.00e-04   8.30
1.00e-03   7.90
2.00e-03   7.70
5.00e-03   8.00
1.00e-02   10.5
2.00e-02   16.6
3.00e-02   23.7
5.00e-02   41.1
7.00e-02   60.0
1.00e-01   88.0
1.50e-01   132.
2.00e-01   170.
3.00e-01   233.
5.00e-01   322.
7.00e-01   375.
9.00e-01   400.
1.00e+00   416.
1.20e+00   425.
2.00e+00   420.
3.00e+00   412.
4.00e+00   408.
5.00e+00   405.
6.00e+00   400.
7.00e+00   405.
8.00e+00   409.
9.00e+00   420.
1.00e+01   440.
1.20e+01   480.
1.40e+01   520.
1.50e+01   540.
1.60e+01   555.
1.80e+01   570.
2.00e+01   600.
3.00e+01   515.
5.00e+01   400.
7.50e+01   330.
1.00e+02   285.
1.25e+02   260.
1.50e+02   245.
1.75e+02   250.
2.01e+02   260.
